
strings=["0xAee4bda0a82e04c359EF0f7b944b8d0460400000","0xAee4bda0a82e04c359EF0f7b944b8d0460400000","0x5e4D8755c0cBD26E8670b27Bc0bD21EF84cD881d","0xf903672BA62039591812141eecB4CFd9416CfC83","0xCB6586874cc04B01Cc4fDB777dE502cEa7b3D6c1","0x6c1FB03612E943d2b7cB0bbde0FB3470a0e633f2","0x2D7A65780365e3CB464BEbA04E3981908db1f219","0xe0D01EFEe7A9740F8e702F086dd4FcaE87926Abf","0xe0Ba6c4c82376c76386D1Ca2ae2516Ab18882e3C","0x8d1982b9a10f5890d8A669A0f982bB402175bf60","0x672Fd76B1d6C6287C3dbca06506552AB4f113c43","0xA400f8f6D018A96c2b385229F20dD72BAB8459A9","0xD1A0B66835D830e9ada42eEf436f3AA8005b20B5","0x17b1d9a1a8F0363E04bcCDF2839cB107B2297774","0x40b8b3c762E3990a50CA29CF4dD763d7d9e4247e","0x42dBD726F2D74E7B1780aFCaCD46da8838A47C2B","0x65Be240291384570997cb62516eB27C543f82eE1","0x3C173F1BAF9F97bf244796c0179952a6a2e9C248","0x8eB9da111684294F6d57C8C400c71D33e1221800","0xd93BAb51CD83881cE1228650B9798EE8FC3E746c","0x84d0F74d21a89F86b67e9a38d8559d0b4e10F12d","0x8cbe0e70513178e65Aaf6721955F6202262145d6","0x983Fc410E6506968a86d104b99F856BAcB3f78C9","0x6a5334E6c9352C1b5735969DD439e41BCF9b4dA4","0x3d045f52223A9595fB18377b6CA7Ac8e220Ab35A","0x6F0B20443D05038dd24d0dBA77a6FE368773C730","0x8A30Fe8DD7C1B8eE6fff8892731eD345b9E33B29","0x628B23f39134ec3bfD2b4A4C269f73DD53041b37","0xc109C45330576048B35686275372e8a84DAeD552","0x3a2ACC5f5CFc976EB517008fec19A506501b3130","0xF9130f1406CFf05e0B6368DC0Fb7a0bdE59F6A3f","0x811dd100C2b0E975116E184966fee3a8d5F20014","0x0272120f80E6900Af9111Fc716F8abb5ABD15eAC","0xEF46b09B69647412c129EbD8739Bdf0F0C10dCcd","0x3214e141bdAe08Be1f382A885cf3d2a448A5E780","0x44f4DA18D1e9609E13B3d10cD091e3836C69Bff2","0xDC18517d7f2EffC6ccE195f5a2Bf64AB52367AD3","0xd76f1c2764a5F22548713cde767b5B752170D6D7","0xEe179632912576FCA115892910911bf18f491C5C","0xe5aA47dbDAb2973F539a29cbC89289E65d6A9B2a","0xEdAc1779d89eD877c99637861E89945CA7226C4F","0xc99d8De4C75940b98De46493aD3B07B7799b7082","0xc45D05CDc809d20c7B14959E8cd4a1199E3e966F","0x54BA3FF9dDbD2dEE95CDA54e863b07B0cdAD2eE4","0x25397B8E6C19AC2c6F6217f89747a9Eb02ca1946","0xef3CCEF2239CeE4D61a3B939165f28303708Bce2","0x2c9C3050B242Df683c5Db26A0c5874c938E06B8F","0x5a72C8E982f9422C92645adea661fc3E5DFF8E21","0xad036a7E58dfa18A6511E85D29B0341E16bcBD9b","0xe702FA35674E54a446Fd5CB783286ae872FCbe16","0x83FE9748fAc353106c5C988b93cE229f895e0b02","0x0422211c02fef3F623B1dA67A116482B029D8BCa","0xF17ac82CB2c92853100f150591973857B1b48D7F","0x72718B587bB239D5c8ce1278412768c414e44113","0x174E070920007350fA0193E0321f9bBD3984949e","0x66Ef68daE8c5417366311b3E3dc0b426Ba16Ca13","0xca9A981ac604dBbAbC95c933A9A1901d1788f104","0x7E6949e70627f746F87577BBbb3BB03f89C23B4f","0x345183a7f823BFE41bA7A52bc04265E264a6Ddd9","0xADDADf3Df10bebFFf7201427d50Cc0448e2E6F3a","0xdf9e2288b48176B1f4b12548815deCc09E9f2F79","0x10832e5E6b21A26a8B43Dd8E88122Bd33915e2D5","0xd4Ea8ffdc2E0CDBD8adDf28b653Fe042A58f3E9b","0xA11343f78A0097859437451338173017C62607BD","0x83586dCbFd0688D9f747D890BE2b12e2eBc4a974","0x6367E3eD73C2865bf0cD1422cFb1e4DA4bC6191F","0x9C9553CD0c8673651A36e5E11C4989bb629D4067","0xD674d9DBEa02B7457408Ed2Cd21051498ec8d13c","0x22138A0CFf84952C018cbcBF5650149017d6b292","0x08Eb99E41A37cf7898EE1979C14F461Cd42d6792","0x0a3043F9d2b1c6cCfc492EB59Af5156F378c57BD","0x0CE2E77B4fD8979b006De46596a3Dd923B586459","0x9Fb2e86637d4BB0B8092DB29e9c43cAa8634C9E9","0x2655529c4f97612edB4732914296c99250Ae92eA","0xB12728628cA10cf6A582C7162877a4233288DEe9","0x22788bc327E4c342eDB6f32765E98a3f47bCd478","0x6d4c52B512E61a6Ab241A3b34C501dD1D3E6aC3C","0x88261F2be1468402A6506421fA119EEE7aAff0F0","0x59FE42AF041A240ECc7fd2d6E72b3AD6C08711c0","0x54BB1D34fa2377b0E8Dc0BB2d36E4dDc5b39175b","0x47c8260E5279495a9307aC7481eaa9FF977a02E0","0xdF87D5cB816B988aeC135C87cd5d6170B51a4406","0x5b6680bFd0e7223aF877D5fcf3f12915173F3A30","0x4193F43f80C71c616F3680A4ad5FAfC4f98844c7","0x9a1ABC22708c1E1b662043EE396C027aeA6a7144","0x9eC905ce7896Dd7d8dD8F8EDA2CE6AE67348Bf23","0xe6db30dA89E8C6492dA3677fA9B5a7D59124995E","0x4FfD0A59a26cB2Aa76D403215e4cC2845C053994","0x4f228F64de2F80f4d5AA10B3ee7173741b09885a","0xB34ee365B63B317DA18bBFB1f30Acfd55cEbd9De","0x1dA29Ca4E330F0Faa816edB6B55B46f9eE453F7f","0xD588a467C361C3F7B3a85B100FE550C61ed0B5d0","0x7d0A940d81cE63cE716a1e3CD7372F78F79d2414","0x5d81d1b2775794E5BCE61Aa75FcF8778D7d1ac89","0x5e552E0A1F107B225116b525F0fBfe887d332068","0x74e177d8A2dCb52A21fa3850123bf5F921f5Bfa9","0xd87EcC6C74F486B044824a222326A96F696fCfA2","0xa79512CEBdC9b66fD7927C77D6156938B5705b38","0x17561E4A5E16E619e049E3A61A64F2A2564859f8","0x04Dc7B2E1fD595B0DC9f8374391b6278de91E6b3","0x74e08BC79D981FDBAFD7677e6D67057B1DfD460D","0x0F45156F109e474295913D78036FA213b1745D5A","0xB9954e78109112F93CA11860F13F4487F1909EF8","0x81B4C439978275eb2FC8C3A6c81cD5A10C68c050","0x4b7292679D439CCd83B972A5fF848b47391AFfCA","0xA9e9E0414D52658515EB9dB6DcDc6055396A031a","0xEFC91c4bAD465B83d0153b872cff9B3956b1812C","0x89ac784a56DA66857F70DEBad1519efC313546B9","0x84cccde46DA80778da3C5FbA92c11DA6FA5c5974","0x4D396974C5813159c704e96acdada21Eb01005Ed","0x774D478cb54DA2b9D36c1E1a9C4Bbb95515eaF75","0xa83Fee3803EF121a62bF39261F8833701197b0B2","0xF8022E6310a26b5ECaCbe1911486AeD0F7164b65","0xe6409364687623e0a6Bd4Be8B09B402baE98011D","0x9307CAA51A02177C26D666E628A156A5bD8931bb","0x14c5fBcB7511780102BA955B1cc4F49Ae1d39bF4","0xde39d7a8e552246A6e05A745b92B4AA6cC173e08","0xFD505e85B66AD71d51C973753E6a82b1F513192f","0x41968eBb0bD6F1E34571F9301869c58aD83B851C","0x56f2C4CB8518d0a4Ec749593dF574f7597A36140","0x80dD5ed80908321c8A08Da17d7121D3d2Fb032DA","0x577BE3eD9A71E1c355f519BBDF5f09Ba2018b1Cc","0x5B3067C5e26fEC823d6fBf8F315e43632658D2F6","0x8e9a87e2EC35baFaFB8a93d81b589eca92577054","0x746b70dF44f2Bccaf7092D4989d3f18C774a222d","0xa224A76BD1B0454a95842C77248776bFb39aB841","0x068AfBfE390a719FdA63EB03F0f3558888D4A0FC","0xe0FD9838429920085065d5eF83df82533718c87C","0xBF72A15D72fF143F94AA61e41Ef4e6aF44eD3e4A","0x7D69534274bdd484F29C02959cd033665d2D513D","0x977B201F56841B7832c5E7667e25C3892235BcdD","0x785B3BBa31859E296aA481A16D92051F9aFe22d2","0x340F606A7148EC915cd8B8163C9796f19B32d6F2","0x452eEF5b538e3FEd4fCa31326678a0a51e0E335D","0xf5FcAAe203bD5DD81Ef969c3fECC872F38AeCcAb","0x77002E1Da26555c2f8833f9DafA36fb488290C26","0xf351D914F2500DB0E3d51D521fB0d29185F68Ab8","0xDc43D0c0497FBf3BB3cf43dcAFaCe9c116d5dd21","0x8F67c2CF297508f1a925BCD2D07d22c6e3F61eAC","0x9A80BA2a36aD7D2fe4f581f5021b17973c8b1943","0x3D6991085Ab1ae3926cB96f25684C40a364B6856","0x5Bc7bcba624Bb090865811f32DbA5B9Baf7Ca761","0xBfE418da209583f8fb5c61B13097bC150A12707e","0xD00C76DB20a3AFDD1Bce601252220e515787c4DA","0xf2e4a05cBae83fb3173BECEe7a31686e8A6ae3Ce","0xEb88911A64e424FB9D922172f1e5b57cE0206B43","0x43C4fF14DAe2Fbb389Dd94498C3D610A0c69a89d","0x6E70E0bB0EFF26a6475fBED718CB9C01c63Cf1e0","0x680674B8115b954b2c4803eC2252EA6C929b9660","0xEef8C7638353AE9ef484fE0C220e59516f61e168","0x64F6C557796e0f564D97a3581CDc46C6bfd1Ef84","0xdfCeC744c8417d2A0Ef72fE520438dd20F368369","0xbbAE0E0795294Bb37F9B7CEE715E7F15602f67DD","0xEA462fFf36cB3098Ef6428932a5ea00f357645D9","0x896A3ee085c781c2dFcdfC43F30fF7B5733095f8","0x60e2A70a4Ba833Fe94AF82f01742e7bfd8e18FA0","0x5EAa957aD3c096400CfBDDd6425Fdc5832C2e2E1","0x74Dc445C8E24919975E63Fabd3841D13FD0d5f9e","0x8E900D7CC784A47b2f5B4baf0871aaDf792D0cC1","0x539A1dC7A604EDC0696f60FA823Bb07d16690b99","0x4dde9674aCDE65689E70Bf8b357d24f23bc6c315","0xF90C6227676325eaD880436367aD60f86eA8d9aA","0x80c69f62ff8258f58c56A587Fb02A03d59a50e39","0x8a9d159bc3E61C683C71dA9B72bC9F60A20A44D2","0xd4E17779ac39D66F7A5AE1a7C6579AE05069d0B8","0xF9B645195da397681116c9Ef9844e18be1ce85A7","0xAa742Ad22b89f7D9B7E14076e8fD2A744400D4E1","0x485Df36Cb5a81e7512Ad244bAE9bF462dE790D3c","0xB4C93d0A04D4B7966776cC2A0Ba31b2C9Bd40d18","0xece53A80b3A6057C428ECE892eb6695EE96B2243","0x9e89EF8566207628279b3B5835C7aC89aC329131","0x9Ee904563a68F26f62cE61a21CA2eF92E80b38B5","0xa06c4B981DAe1e0e8945Eb61380431D83F68bF39","0xbFAE5B01E0641E75E31a045E76F9bBE85D779FbD","0xac4Dd773B0E88CaA7E5d1fA75D3605ab1bd557a7","0xb7f6a055164BC967bcAeD82261f1c704F42Dc243","0x2B185C762F6Fb49a07116EC06B238B58Fe2BeC53",